478 498 523 553 580 608 636 664 692 723 752 782 813 845 878
861 881 905 936 964 993 1022 1051 1081 1111 1141 1171 1201 1232 1263
1296 1315 1340 1370 1400 1430 1460 1489 1519 1549 1580 1609 1639 1490 1732
1284 1281 1281 1283 2080 3197 3349 5703 7161 7484 7812 8138 8472 8666 9175
846 837 830 824 3434 6233 6484 12274 15680 16237 16807 17374 17952 18428 19142
20 20 21 23 24 25 26 27 28 29 31 32 33 34 36
35 36 37 38 39 40 41 43 44 45 46 47 49 50 51
52 53 54 55 56 58 59 60 61 62 64 65 66 60 70
52 52 52 54 43 46 49 52 53 54 55 56 58 53 61
34 34 34 38 34 39 44 49 50 52 53 54 56 53 59
1 1 1 1 1 1 1 1 1 1 1 1 1 1 1
1 1 1 1 1 1 1 1 1 1 1 1 1 1 1
1 1 1 1 1 1 1 1 1 1 1 1 1 1 1
1 1 1 1 1 1 1 1 1 1 1 1 1 1 1
1 1 1 1 1 1 1 1 1 1 1 1 1 1 1
20 20 21 23 24 25 26 27 28 29 31 32 33 34 36
35 36 37 38 39 40 41 43 44 45 46 47 49 50 51
52 53 54 55 56 58 59 60 61 62 64 65 66 60 70
52 52 52 54 43 46 41 44 44 46 49 52 58 53 61
34 34 36 41 34 39 25 31 30 32 39 45 56 53 59
